222	860
222	857
222	843
222	858
222	861
222	859
222	862
222	852
222	847
222	844
222	846
222	845
222	855
222	848
222	854
222	849
222	863
222	850
222	853
222	856
222	864
222	851
215	711
215	706
215	699
215	700
215	701
215	710
215	712
215	697
215	702
215	705
215	708
215	698
215	703
215	709
215	696
215	707
215	704
223	887
223	890
223	891
223	885
223	888
223	889
223	886
324	2543
324	2512
324	2523
324	2539
324	2530
324	2511
324	2520
324	2535
324	2519
324	2517
324	2533
324	2524
324	2529
324	2515
324	2518
324	2527
324	2521
324	2525
324	2542
324	2534
324	2522
324	2531
324	2541
324	2510
324	2528
324	2540
324	2536
324	2526
324	2516
324	2538
324	2532
324	2514
324	2537
324	2544
324	2513
224	893
224	895
224	892
224	894
212	721
212	717
212	715
212	720
212	719
212	718
212	713
212	714
212	716
343	2775
343	2774
343	2773
343	2772
343	2771
343	2770
343	2769
343	2768
343	2767
343	2766
343	2765
343	2764
343	2763
343	2762
343	2761
343	2760
343	2759
343	2758
343	2757
343	2756
343	2755
343	2754
343	2753
343	2752
343	2751
343	2750
343	2749
343	2748
343	2747
343	2746
227	943
227	944
227	933
227	941
227	936
227	951
227	948
227	946
227	932
227	942
227	934
227	950
227	938
227	945
227	940
227	954
227	939
227	935
227	952
227	949
227	937
227	947
227	953
226	916
226	919
226	911
226	928
226	915
226	920
226	917
226	922
226	918
226	914
226	913
226	908
226	909
226	927
226	931
226	921
226	926
226	925
226	923
226	910
226	929
226	912
226	930
226	924
222	860
222	857
222	843
222	858
222	861
222	859
222	862
222	852
222	847
222	844
222	846
222	845
222	855
222	848
222	854
222	849
222	863
222	850
222	853
222	856
222	864
222	851
215	711
215	706
215	699
215	700
215	701
215	710
215	712
215	697
215	702
215	705
215	708
215	698
215	703
215	709
215	696
215	707
215	704
223	887
223	890
223	891
223	885
223	888
223	889
223	886
324	2543
324	2512
324	2523
324	2539
324	2530
324	2511
324	2520
324	2535
324	2519
324	2517
324	2533
324	2524
324	2529
324	2515
324	2518
324	2527
324	2521
324	2525
324	2542
324	2534
324	2522
324	2531
324	2541
324	2510
324	2528
324	2540
324	2536
324	2526
324	2516
324	2538
324	2532
324	2514
324	2537
324	2544
324	2513
224	893
224	895
224	892
224	894
212	721
212	717
212	715
212	720
212	719
212	718
212	713
212	714
212	716
343	2775
343	2774
343	2773
343	2772
343	2771
343	2770
343	2769
343	2768
343	2767
343	2766
343	2765
343	2764
343	2763
343	2762
343	2761
343	2760
343	2759
343	2758
343	2757
343	2756
343	2755
343	2754
343	2753
343	2752
343	2751
343	2750
343	2749
343	2748
343	2747
343	2746
227	943
227	944
227	933
227	941
227	936
227	951
227	948
227	946
227	932
227	942
227	934
227	950
227	938
227	945
227	940
227	954
227	939
227	935
227	952
227	949
227	937
227	947
227	953
226	916
226	919
226	911
226	928
226	915
226	920
226	917
226	922
226	918
226	914
226	913
226	908
226	909
226	927
226	931
226	921
226	926
226	925
226	923
226	910
226	929
226	912
226	930
226	924
217	791
217	793
217	790
217	792
217	789
214	728
214	732
214	735
214	729
214	740
214	736
214	734
214	737
214	731
214	730
214	733
214	743
214	739
214	741
214	727
214	738
214	742
220	818
220	819
219	812
219	803
219	817
219	804
219	805
219	806
219	800
219	807
219	802
219	797
219	799
219	813
219	798
219	801
219	796
219	794
219	809
219	816
219	811
219	795
219	814
219	815
219	808
219	810
234	1008
234	1013
234	1012
234	1014
234	1011
234	1010
234	1009
234	1006
234	1007
245	1158
245	1179
245	1178
245	1181
245	1159
245	1196
245	1183
245	1180
245	1195
245	1177
245	1176
245	1165
245	1147
245	1175
245	1192
245	1169
245	1168
245	1170
245	1193
245	1171
245	1151
245	1191
245	1167
245	1166
245	1190
245	1164
245	1174
245	1188
245	1194
245	1189
245	1187
245	1186
245	1182
245	1185
245	1173
245	1172
245	1184
245	1148
245	1150
245	1160
245	1152
245	1149
245	1162
245	1161
245	1153
245	1146
245	1157
245	1156
245	1145
245	1154
245	1163
245	1155
235	1034
235	1033
235	1041
235	1051
235	1032
235	1031
235	1050
235	1040
235	1052
235	1053
235	1039
235	1049
235	1030
235	1042
235	1055
235	1029
235	1048
235	1038
235	1056
235	1028
235	1047
235	1035
235	1037
235	1036
235	1054
235	1045
235	1044
235	1043
235	1046
232	975
232	982
232	962
232	1004
232	978
232	971
232	981
232	974
232	983
232	963
232	999
232	1005
232	964
232	984
232	973
232	956
232	980
232	968
232	1002
232	1001
232	967
232	979
232	976
232	995
232	965
232	966
232	977
232	994
232	972
232	960
232	957
232	1000
232	959
232	997
232	996
232	991
232	969
232	955
232	970
232	990
232	998
232	992
232	958
232	993
232	989
232	961
232	988
232	986
232	1003
232	985
232	987
250	1345
250	1315
250	1337
250	1339
250	1316
250	1317
250	1336
250	1328
250	1334
250	1320
250	1329
250	1335
250	1343
250	1326
250	1338
250	1318
250	1340
250	1321
250	1323
250	1330
250	1341
250	1325
250	1333
250	1327
250	1319
250	1342
250	1324
250	1332
250	1344
250	1322
250	1331
248	1246
248	1237
248	1235
248	1234
248	1227
248	1245
248	1233
248	1236
248	1239
248	1248
248	1242
248	1243
248	1241
248	1238
248	1249
248	1229
248	1230
248	1240
248	1244
248	1228
248	1247
248	1231
248	1232
236	1064
236	1079
236	1069
236	1067
236	1078
236	1061
236	1068
236	1062
236	1065
236	1058
236	1075
236	1074
236	1073
236	1072
236	1080
236	1060
236	1066
236	1070
236	1076
236	1077
236	1071
236	1063
236	1059
249	1288
249	1278
249	1297
249	1285
249	1295
249	1300
249	1254
249	1257
249	1281
249	1269
249	1274
249	1301
249	1265
249	1255
249	1314
249	1310
249	1264
249	1271
249	1279
249	1307
249	1256
249	1290
249	1267
249	1250
249	1276
249	1308
249	1280
249	1275
249	1284
249	1298
249	1261
249	1266
249	1283
249	1293
249	1270
249	1268
249	1277
249	1299
249	1306
249	1303
249	1296
249	1305
249	1259
249	1258
249	1273
249	1272
249	1252
249	1262
249	1294
249	1253
249	1286
249	1260
249	1282
249	1292
249	1291
249	1311
249	1289
249	1304
249	1312
249	1287
249	1263
249	1302
249	1309
249	1251
249	1313
237	1083
237	1097
237	1085
237	1094
237	1093
237	1095
237	1090
237	1082
237	1092
237	1091
237	1099
237	1081
237	1098
237	1086
237	1084
237	1087
237	1089
237	1096
237	1088
246	1201
246	1200
246	1207
246	1199
246	1224
246	1202
246	1197
246	1209
246	1217
246	1218
246	1219
246	1223
246	1222
246	1220
246	1221
246	1225
246	1215
246	1206
246	1213
246	1203
246	1210
246	1212
246	1204
246	1205
246	1211
246	1208
246	1216
246	1198
246	1214
246	1226
238	1100
240	1102
240	1101
241	1117
241	1114
241	1113
241	1103
241	1115
241	1112
241	1111
241	1110
241	1109
241	1118
241	1106
241	1105
241	1108
241	1107
241	1104
241	1116
242	1123
242	1122
242	1120
242	1119
242	1121
242	1124
251	1346
251	1347
252	1368
252	1348
252	1350
252	1356
252	1349
252	1351
252	1365
252	1363
252	1353
252	1359
252	1366
252	1358
252	1364
252	1361
252	1355
252	1369
252	1357
252	1354
252	1367
252	1352
252	1362
252	1360
266	1501
266	1513
266	1500
266	1509
266	1507
266	1510
266	1512
266	1503
266	1511
266	1502
266	1504
266	1508
266	1499
266	1506
266	1497
266	1498
266	1505
266	1514
328	2612
328	2608
328	2609
328	2610
328	2611
328	2606
328	2607
328	2605
256	1383
256	1384
256	1385
286	1822
286	1824
286	1823
286	1826
286	1828
286	1827
286	1825
286	1829
288	1831
288	1830
288	1832
290	1833
290	1835
290	1841
290	1837
290	1838
290	1836
290	1839
290	1840
290	1834
285	1820
285	1815
285	1817
285	1816
285	1813
285	1819
285	1818
285	1821
285	1814
291	1843
291	1852
291	1855
291	1842
291	1845
291	1844
291	1851
291	1850
291	1854
291	1856
291	1849
291	1848
291	1853
291	1846
291	1847
263	1465
263	1464
263	1469
263	1467
263	1466
263	1470
263	1468
263	1471
263	1472
272	1590
272	1587
272	1584
272	1588
272	1589
272	1586
272	1583
272	1585
284	1810
284	1812
284	1811
326	2550
326	2556
326	2545
326	2555
326	2553
326	2548
326	2551
326	2549
326	2557
326	2552
326	2546
326	2547
326	2554
293	1903
293	1906
293	1902
293	1867
293	1904
293	1901
293	1887
293	1900
293	1874
293	1860
293	1899
293	1888
293	1859
293	1858
293	1857
293	1898
293	1881
293	1875
293	1882
293	1883
293	1896
293	1886
293	1897
293	1905
293	1884
293	1880
293	1885
293	1878
293	1868
293	1865
293	1864
293	1877
293	1894
293	1892
293	1869
293	1866
293	1870
293	1876
293	1893
293	1889
293	1895
293	1863
293	1862
293	1873
293	1879
293	1890
293	1871
293	1861
293	1872
293	1891
297	1938
297	1947
297	1937
297	1940
297	1935
297	1955
297	1934
297	1933
297	1941
297	1948
297	1936
297	1952
297	1944
297	1949
297	1950
297	1932
297	1956
297	1946
297	1939
297	1953
297	1954
297	1942
297	1945
297	1943
297	1951
298	1957
298	1973
298	1983
298	1985
298	1958
298	1982
298	1971
298	1972
298	1970
298	1960
298	1959
298	1969
298	1962
298	1961
298	1965
298	1966
298	1964
298	1963
298	1968
298	1967
298	1974
298	1981
298	1980
298	1978
298	1979
298	1975
298	1976
298	1984
298	1977
279	1788
279	1786
279	1791
279	1790
279	1792
279	1787
279	1780
279	1781
279	1782
279	1789
279	1783
279	1784
279	1779
279	1785
278	1776
278	1773
278	1777
278	1775
278	1774
278	1778
278	1772
278	1768
278	1770
278	1771
278	1769
277	1738
277	1724
277	1717
277	1711
277	1737
277	1735
277	1736
277	1732
277	1739
277	1734
277	1733
277	1712
277	1728
277	1725
277	1727
277	1764
277	1740
277	1759
277	1752
277	1763
277	1748
277	1765
277	1741
277	1753
277	1750
277	1723
277	1754
277	1742
277	1766
277	1721
277	1757
277	1761
277	1726
277	1730
277	1731
277	1762
277	1758
277	1718
277	1720
277	1743
277	1767
277	1756
277	1744
277	1745
277	1760
277	1755
277	1729
277	1719
277	1751
277	1710
277	1749
277	1713
277	1715
277	1747
277	1714
277	1746
277	1716
277	1722
274	1616
274	1614
274	1615
274	1611
274	1598
274	1597
274	1612
274	1613
274	1610
274	1600
274	1603
274	1601
274	1604
274	1605
274	1602
274	1609
274	1608
274	1606
274	1599
274	1607
273	1593
273	1596
273	1592
273	1594
273	1591
273	1595
299	2015
299	2026
299	2028
299	2023
299	2020
299	2024
299	2013
299	2022
299	2019
299	2016
299	2027
299	2009
299	2017
299	2018
299	2010
299	2008
299	2021
299	2011
299	2014
299	2025
299	2012
302	2067
302	2066
302	2057
302	2068
302	2058
302	2056
302	2055
302	2059
302	2052
302	2060
302	2054
302	2053
302	2049
302	2061
302	2063
302	2062
302	2050
302	2065
302	2051
302	2064
300	2032
300	2034
300	2030
300	2033
300	2029
300	2031
211	766
211	747
211	761
211	762
211	760
211	759
211	748
211	746
211	756
211	750
211	745
211	744
211	751
211	752
211	763
211	757
211	755
211	753
211	764
211	765
211	754
211	749
211	758
9612	2355
9612	2356
9612	2357
9612	2353
9612	2354
9612	2352
327	2599
327	2581
327	2598
327	2578
327	2595
327	2597
327	2580
327	2579
327	2596
327	2576
327	2577
327	2575
327	2591
327	2592
327	2594
327	2604
327	2593
327	2589
327	2590
327	2588
327	2603
327	2584
327	2583
327	2582
327	2586
327	2600
327	2585
327	2587
327	2601
327	2602
315	2369
315	2366
315	2364
315	2368
315	2359
315	2360
315	2361
315	2358
315	2367
315	2362
315	2363
315	2365
316	2370
316	2372
316	2376
316	2377
316	2379
316	2378
316	2374
316	2375
316	2373
316	2371
316	2380
305	2077
301	2045
301	2040
301	2037
301	2041
301	2046
301	2048
301	2035
301	2039
301	2044
301	2036
301	2038
301	2043
301	2042
301	2047
282	1800
282	1808
282	1804
282	1802
282	1803
282	1809
282	1799
282	1806
282	1807
282	1805
282	1801
308	2115
308	2171
308	2151
308	2148
308	2254
308	2212
308	2123
308	2106
308	2108
308	2256
308	2122
308	2214
308	2211
308	2255
308	2150
308	2116
308	2124
308	2132
308	2249
308	2172
308	2253
308	2170
308	2109
308	2258
308	2257
308	2110
308	2169
308	2121
308	2213
308	2149
308	2178
308	2173
308	2250
308	2117
308	2129
308	2246
308	2251
308	2210
308	2166
308	2209
308	2176
308	2155
308	2152
308	2247
308	2130
308	2232
308	2118
308	2174
308	2252
308	2168
308	2111
308	2192
308	2167
308	2208
308	2175
308	2131
308	2248
308	2204
308	2200
308	2193
308	2162
308	2161
308	2260
308	2245
308	2244
308	2261
308	2119
308	2156
308	2194
308	2259
308	2120
308	2195
308	2199
308	2202
308	2153
308	2135
308	2243
308	2160
308	2262
308	2215
308	2263
308	2159
308	2242
308	2134
308	2203
308	2198
308	2205
308	2196
308	2201
308	2265
308	2158
308	2241
308	2264
308	2133
308	2157
308	2136
308	2197
308	2125
308	2188
308	2138
308	2139
308	2234
308	2144
308	2177
308	2223
308	2225
308	2126
308	2227
308	2221
308	2189
308	2137
308	2266
308	2267
308	2235
308	2190
308	2222
308	2226
308	2127
308	2216
308	2218
308	2143
308	2231
308	2230
308	2142
308	2112
308	2128
308	2114
308	2219
308	2217
308	2191
308	2229
308	2224
308	2141
308	2220
308	2113
308	2179
308	2236
308	2185
308	2184
308	2140
308	2180
308	2237
308	2183
308	2238
308	2228
308	2181
308	2105
308	2233
308	2164
308	2206
308	2187
308	2186
308	2165
308	2145
308	2154
308	2147
308	2182
308	2163
308	2207
308	2239
308	2240
308	2107
308	2146
296	1930
296	1931
296	1929
307	2090
307	2093
307	2091
307	2102
307	2096
307	2089
307	2104
307	2099
307	2103
307	2094
307	2088
307	2097
307	2098
307	2095
307	2092
307	2101
307	2100
304	2069
304	2070
304	2075
304	2073
304	2072
304	2074
304	2071
304	2076
260	1463
260	1461
260	1462
295	1924
295	1919
295	1907
295	1927
295	1914
295	1923
295	1915
295	1928
295	1913
295	1910
295	1917
295	1912
295	1925
295	1908
295	1922
295	1911
295	1916
295	1926
295	1920
295	1918
295	1909
295	1921
258	1430
258	1439
258	1451
258	1441
258	1427
258	1440
258	1452
258	1429
258	1454
258	1438
258	1453
258	1428
258	1432
258	1449
258	1443
258	1442
258	1450
258	1431
258	1433
258	1448
258	1444
258	1445
258	1457
258	1456
258	1455
258	1459
258	1458
258	1460
258	1435
258	1436
258	1434
258	1437
258	1447
258	1426
258	1446
257	1405
257	1397
257	1406
257	1400
257	1389
257	1390
257	1388
257	1391
257	1415
257	1414
257	1404
257	1392
257	1416
257	1394
257	1393
257	1413
257	1417
257	1412
257	1395
257	1410
257	1411
257	1396
257	1407
257	1408
257	1409
257	1398
257	1403
257	1402
257	1399
257	1401
264	1480
264	1476
264	1481
264	1487
264	1483
264	1482
264	1478
264	1479
264	1473
264	1495
264	1477
264	1488
264	1489
264	1486
264	1490
264	1475
264	1494
264	1493
264	1491
264	1492
264	1485
264	1474
264	1484
243	1131
243	1132
243	1127
243	1129
243	1128
243	1125
243	1130
243	1126
265	1496
244	1137
244	1143
244	1142
244	1141
244	1136
244	1138
244	1135
244	1140
244	1139
244	1134
244	1144
244	1133
221	830
221	836
221	833
221	839
221	837
221	827
221	829
221	834
221	840
221	838
221	832
221	841
221	835
221	828
221	820
221	825
221	831
221	842
221	824
221	823
221	826
221	822
221	821
280	1795
280	1796
280	1797
280	1793
280	1798
280	1794
213	726
213	725
213	722
213	724
213	723
276	1695
276	1708
276	1707
276	1667
276	1696
276	1677
276	1689
276	1664
276	1670
276	1669
276	1697
276	1663
276	1693
276	1673
276	1674
276	1694
276	1665
276	1662
276	1692
276	1672
276	1671
276	1668
276	1661
276	1699
276	1701
276	1700
276	1704
276	1705
276	1691
276	1666
276	1703
276	1702
276	1698
276	1690
276	1706
276	1681
276	1680
276	1679
276	1678
276	1676
276	1675
276	1682
276	1660
276	1684
276	1709
276	1683
276	1687
276	1688
276	1686
276	1685
271	1572
271	1581
271	1579
271	1577
271	1582
271	1575
271	1573
271	1580
271	1574
271	1576
271	1578
319	2431
319	2430
319	2437
319	2429
319	2439
319	2426
319	2428
319	2440
319	2427
319	2434
319	2433
319	2438
319	2436
319	2435
319	2432
318	2420
318	2419
318	2415
318	2416
318	2411
318	2412
318	2414
318	2425
318	2418
318	2413
318	2421
318	2417
318	2423
318	2422
318	2424
309	2268
309	2269
309	2277
309	2273
309	2276
309	2271
309	2274
309	2270
309	2275
309	2272
310	2288
310	2290
310	2294
310	2289
310	2293
310	2285
310	2291
310	2286
310	2287
310	2295
310	2292
310	2296
311	2297
311	2298
311	2308
311	2307
311	2314
311	2299
311	2303
311	2304
311	2302
311	2300
311	2306
311	2305
311	2301
311	2312
311	2311
311	2309
311	2319
311	2310
311	2320
311	2316
311	2313
311	2317
311	2318
311	2332
311	2325
311	2324
311	2331
311	2329
311	2330
311	2326
311	2323
311	2322
311	2327
311	2321
311	2328
311	2315
313	2334
313	2333
313	2351
313	2336
313	2343
313	2338
313	2337
313	2345
313	2344
313	2348
313	2350
313	2347
313	2335
313	2346
313	2339
313	2340
313	2349
313	2342
313	2341
321	2442
321	2447
321	2446
321	2450
321	2441
321	2448
321	2443
321	2445
321	2444
321	2449
321	2451
344	2776
330	2613
598	5136
598	5137
598	5138
598	5139
598	5140
598	5141
598	5131
598	5132
598	5133
598	5134
598	5135
598	5130
598	5129
598	5128
598	5127
323	2494
323	2493
323	2501
323	2495
323	2504
323	2476
323	2505
323	2477
323	2475
323	2503
323	2481
323	2498
323	2502
323	2478
323	2479
323	2492
323	2480
323	2496
323	2497
323	2484
323	2473
323	2500
323	2490
323	2474
323	2491
323	2472
323	2499
323	2489
323	2488
323	2509
323	2482
323	2506
323	2485
323	2483
323	2487
323	2508
323	2507
323	2486
332	2628
332	2627
332	2617
332	2619
332	2620
332	2621
332	2622
332	2623
332	2624
332	2625
332	2626
332	2618
332	2616
332	2615
332	2614
350	2836
350	2835
350	2832
350	2833
350	2834
350	2831
350	2829
350	2830
350	2827
350	2828
350	2826
350	2825
350	2824
350	2819
350	2820
350	2821
350	2822
350	2823
350	2811
350	2812
350	2813
350	2814
350	2815
350	2816
350	2817
350	2818
350	2810
350	2809
350	2805
350	2806
350	2807
350	2808
350	2804
350	2799
350	2800
350	2801
350	2802
350	2803
351	2869
351	2861
351	2862
351	2863
351	2864
351	2865
351	2866
351	2867
351	2868
351	2860
351	2859
351	2858
351	2857
351	2855
351	2856
351	2854
351	2853
351	2851
351	2852
351	2850
351	2849
351	2848
351	2847
351	2846
351	2845
351	2842
351	2843
351	2844
351	2840
351	2841
351	2839
351	2838
351	2837
334	2637
334	2636
334	2635
334	2634
334	2633
334	2632
334	2631
334	2630
334	2629
336	2654
336	2653
336	2651
336	2652
352	2920
352	2919
352	2918
352	2915
352	2916
352	2917
352	2914
352	2913
352	2912
352	2911
352	2910
352	2909
352	2908
352	2907
352	2906
352	2905
352	2904
352	2903
352	2902
352	2901
352	2900
352	2899
352	2898
352	2897
352	2896
352	2895
352	2894
352	2891
352	2892
352	2893
352	2890
352	2889
352	2888
352	2887
352	2884
352	2885
352	2886
352	2883
352	2882
352	2881
352	2880
352	2879
352	2878
352	2877
352	2876
352	2875
352	2874
352	2873
352	2872
352	2871
352	2870
335	2650
335	2649
335	2648
335	2647
335	2646
335	2645
335	2644
335	2643
335	2641
335	2642
335	2640
335	2639
335	2638
337	2672
337	2671
337	2670
337	2669
337	2668
337	2667
337	2666
337	2665
337	2664
337	2658
337	2659
337	2660
337	2661
337	2662
337	2663
337	2657
337	2656
337	2655
338	2675
338	2674
338	2673
353	2940
353	2932
353	2933
353	2934
353	2935
353	2936
353	2937
353	2938
353	2939
353	2931
353	2926
353	2927
353	2928
353	2929
353	2930
353	2921
353	2922
353	2923
353	2924
353	2925
339	2706
339	2705
339	2704
339	2703
339	2702
339	2701
339	2700
339	2699
339	2698
339	2697
339	2696
339	2694
339	2695
339	2691
339	2692
339	2693
339	2690
339	2686
339	2687
339	2688
339	2689
339	2685
339	2684
339	2681
339	2682
339	2683
339	2680
339	2679
339	2678
339	2677
339	2676
340	2729
340	2728
340	2727
340	2726
340	2725
340	2724
340	2723
340	2722
340	2721
340	2720
340	2719
340	2718
340	2717
340	2716
340	2715
340	2714
340	2713
340	2712
340	2711
340	2710
340	2709
340	2708
340	2707
354	2976
354	2975
354	2974
354	2973
354	2969
354	2970
354	2971
354	2972
354	2968
354	2967
354	2966
354	2965
354	2963
354	2964
354	2961
354	2962
354	2960
354	2959
354	2958
354	2956
354	2957
354	2955
354	2953
354	2954
354	2951
354	2952
354	2950
354	2949
354	2947
354	2948
354	2946
354	2943
354	2944
354	2945
354	2942
354	2941
355	2983
355	2984
355	2977
355	2978
355	2979
355	2980
355	2981
355	2982
367	3175
367	3176
367	3177
367	3178
367	3166
367	3167
367	3168
367	3169
367	3170
367	3171
367	3172
367	3173
367	3174
367	3159
367	3160
367	3161
367	3162
367	3163
367	3164
367	3165
367	3153
367	3154
367	3155
367	3156
367	3157
367	3158
367	3148
367	3149
367	3150
367	3151
367	3152
367	3147
367	3143
367	3144
367	3145
367	3146
368	3189
368	3188
368	3187
368	3186
368	3185
368	3184
368	3183
368	3182
368	3181
368	3180
368	3179
401	3735
401	3734
401	3733
401	3732
401	3728
401	3729
401	3730
401	3731
401	3726
401	3727
401	3722
401	3723
401	3724
401	3725
369	3198
369	3197
369	3196
369	3195
369	3194
369	3193
369	3192
369	3191
369	3190
356	3020
356	3019
356	3018
356	3017
356	3016
356	3015
356	3014
356	3013
356	3012
356	3011
356	3010
356	3009
356	3008
356	3001
356	3002
356	3003
356	3004
356	3005
356	3006
356	3007
356	3000
356	2999
356	2998
356	2997
356	2996
356	2995
356	2994
356	2993
356	2992
356	2991
356	2990
356	2989
356	2988
356	2987
356	2986
356	2985
371	3239
371	3238
371	3237
371	3236
371	3235
371	3231
371	3232
371	3233
371	3234
371	3229
371	3230
371	3228
371	3227
371	3224
371	3225
371	3226
371	3223
371	3222
371	3221
371	3216
371	3217
371	3218
371	3219
371	3220
371	3213
371	3214
371	3215
371	3209
371	3210
371	3211
371	3212
371	3208
371	3204
371	3205
371	3206
371	3207
371	3203
371	3200
371	3201
371	3202
371	3199
357	3022
357	3021
373	3250
373	3247
373	3248
373	3249
373	3246
373	3245
373	3244
373	3241
373	3242
373	3243
373	3240
375	3279
375	3278
375	3277
375	3276
375	3275
375	3274
375	3273
375	3272
375	3271
375	3270
375	3269
375	3268
375	3267
375	3266
375	3265
375	3264
375	3263
375	3262
375	3261
375	3260
375	3259
375	3258
375	3257
375	3256
375	3255
375	3254
375	3253
375	3252
375	3251
376	3300
376	3291
376	3292
376	3293
376	3294
376	3295
376	3296
376	3297
376	3298
376	3299
376	3290
376	3280
376	3282
376	3283
376	3284
376	3285
376	3286
376	3287
376	3288
376	3289
376	3281
358	3031
358	3030
358	3029
358	3028
358	3027
358	3026
358	3025
358	3024
358	3023
360	3048
360	3047
360	3046
360	3045
360	3044
360	3043
360	3042
360	3041
360	3040
360	3039
360	3038
360	3037
360	3036
360	3035
360	3034
360	3033
360	3032
361	3064
361	3063
361	3062
361	3056
361	3057
361	3058
361	3059
361	3060
361	3061
361	3055
361	3054
361	3053
361	3052
361	3050
361	3051
361	3049
378	3311
378	3310
378	3309
378	3308
378	3306
378	3307
378	3305
378	3304
378	3302
378	3303
378	3301
379	3312
363	3076
363	3075
363	3074
363	3073
363	3072
363	3071
364	3117
364	3116
364	3115
364	3114
364	3113
364	3112
364	3111
364	3110
364	3109
364	3108
364	3107
364	3106
364	3105
364	3104
364	3103
364	3102
364	3101
364	3100
364	3099
364	3098
364	3097
364	3096
364	3095
364	3094
364	3093
364	3092
364	3091
364	3090
364	3089
364	3088
364	3087
364	3086
364	3085
364	3084
364	3083
364	3082
364	3081
364	3080
364	3079
364	3078
364	3077
380	3364
380	3363
380	3362
380	3359
380	3360
380	3361
380	3356
380	3357
380	3358
380	3355
380	3347
380	3348
380	3349
380	3350
380	3351
380	3352
380	3353
380	3354
380	3340
380	3341
380	3342
380	3343
380	3344
380	3345
380	3346
380	3339
381	3368
381	3367
381	3366
381	3365
366	3142
366	3137
366	3138
366	3139
366	3140
366	3141
366	3136
366	3132
366	3133
366	3134
366	3135
366	3127
366	3128
366	3129
366	3130
366	3131
366	3123
366	3124
366	3125
366	3126
366	3118
366	3119
366	3120
366	3121
366	3122
394	3557
394	3556
394	3555
394	3554
394	3553
394	3552
394	3551
394	3550
394	3549
396	3566
396	3565
396	3564
396	3563
396	3562
396	3561
396	3560
396	3559
384	3405
384	3404
384	3403
384	3402
384	3401
384	3400
383	3397
383	3398
383	3399
383	3391
383	3392
383	3393
383	3394
383	3395
383	3396
383	3388
383	3389
383	3390
383	3386
383	3387
383	3384
383	3385
383	3382
383	3383
383	3380
383	3381
383	3378
383	3379
383	3376
383	3377
383	3374
383	3375
383	3371
383	3372
383	3373
383	3370
383	3369
385	3416
385	3412
385	3413
385	3414
385	3415
385	3411
385	3410
385	3407
385	3408
385	3409
385	3406
341	2745
341	2742
341	2743
341	2744
341	2741
341	2740
341	2730
341	2732
341	2739
341	2738
341	2731
341	2735
341	2737
341	2736
341	2733
341	2734
395	3558
386	3432
386	3431
386	3430
386	3429
386	3428
386	3427
386	3426
386	3425
386	3424
386	3423
386	3422
386	3421
386	3420
386	3417
386	3418
386	3419
397	3621
397	3622
397	3623
397	3620
397	3619
397	3618
397	3616
397	3617
397	3615
388	3476
388	3475
388	3474
388	3473
388	3472
388	3471
388	3470
388	3469
388	3468
388	3467
388	3466
388	3465
388	3464
388	3463
388	3462
388	3461
388	3458
388	3459
388	3460
388	3457
388	3451
388	3452
388	3453
388	3454
388	3455
388	3456
388	3450
388	3446
388	3447
388	3448
388	3449
388	3445
388	3444
388	3443
388	3442
388	3441
388	3440
388	3435
388	3436
388	3437
388	3438
388	3439
388	3434
388	3433
398	3641
398	3640
398	3639
398	3638
398	3637
398	3636
398	3635
398	3634
398	3633
398	3632
398	3631
398	3630
398	3629
398	3628
398	3627
398	3626
398	3625
398	3624
399	3689
399	3688
399	3686
399	3687
399	3685
399	3684
399	3683
399	3682
399	3681
399	3680
399	3679
399	3675
399	3676
399	3677
399	3678
399	3674
399	3673
399	3672
399	3671
399	3670
399	3669
399	3668
399	3667
399	3665
399	3666
399	3664
399	3663
399	3662
399	3661
399	3660
399	3659
399	3658
399	3657
399	3656
399	3655
399	3654
399	3653
399	3651
399	3652
399	3650
399	3649
399	3648
399	3647
399	3646
399	3645
399	3644
399	3643
399	3642
402	3755
402	3754
402	3750
402	3751
402	3752
402	3753
402	3749
402	3746
402	3747
402	3748
402	3745
402	3741
402	3742
402	3743
402	3744
402	3740
402	3739
402	3738
402	3737
402	3736
390	3514
390	3510
390	3511
390	3512
390	3513
404	3791
404	3790
404	3789
404	3786
404	3787
404	3788
404	3785
404	3784
404	3783
404	3782
392	3535
392	3534
392	3533
392	3532
392	3531
392	3530
392	3529
392	3528
392	3527
392	3526
392	3525
392	3524
392	3523
392	3522
392	3521
392	3520
392	3519
392	3518
392	3516
392	3517
392	3515
405	3800
405	3799
405	3798
405	3797
405	3796
405	3795
405	3794
405	3793
405	3792
393	3548
393	3547
393	3546
393	3545
393	3544
393	3543
393	3542
393	3541
393	3539
393	3540
393	3537
393	3538
393	3536
406	3807
406	3804
406	3805
406	3806
406	3803
406	3801
406	3802
422	3982
422	3981
422	3980
422	3979
422	3978
422	3977
422	3976
422	3975
422	3974
422	3973
422	3972
422	3971
422	3970
422	3969
422	3968
422	3967
421	3965
421	3966
421	3964
421	3959
421	3960
421	3961
421	3962
421	3963
421	3957
421	3958
421	3956
421	3951
421	3952
421	3953
421	3954
421	3955
421	3950
421	3948
421	3949
421	3947
421	3945
421	3946
421	3943
421	3944
423	4010
423	4009
423	4008
423	4007
423	4006
423	4005
423	4004
423	4003
423	4001
423	4002
423	4000
423	3999
423	3998
423	3997
423	3996
423	3995
423	3994
423	3993
423	3992
423	3991
408	3836
408	3835
408	3834
424	4018
424	4019
424	4016
424	4017
424	4011
424	4012
424	4013
424	4014
424	4015
425	4027
425	4026
425	4025
425	4024
425	4021
425	4022
425	4023
425	4020
426	4032
426	4031
426	4030
426	4029
426	4028
410	3877
410	3876
410	3871
410	3872
410	3873
410	3874
410	3875
410	3867
410	3868
410	3869
410	3870
407	3833
407	3832
407	3831
407	3830
407	3829
407	3828
407	3827
407	3826
407	3825
407	3824
407	3823
407	3822
407	3821
407	3820
407	3819
407	3818
407	3817
407	3816
407	3815
407	3814
407	3813
407	3812
407	3811
407	3810
407	3809
407	3808
427	4046
427	4045
427	4044
427	4043
427	4042
427	4041
411	3900
411	3899
411	3898
411	3895
411	3896
411	3897
411	3894
411	3893
411	3892
411	3891
411	3890
411	3889
411	3888
411	3887
411	3886
411	3885
411	3884
411	3883
411	3882
411	3881
411	3880
411	3879
411	3878
412	3905
412	3904
412	3903
412	3902
412	3901
428	4059
428	4058
428	4057
430	4069
430	4066
430	4067
430	4068
430	4060
430	4061
430	4062
430	4063
430	4064
430	4065
413	3917
413	3916
413	3915
413	3914
413	3913
413	3912
413	3911
413	3910
413	3909
413	3908
413	3907
413	3906
433	4082
433	4081
433	4080
433	4079
433	4078
433	4076
433	4077
433	4075
433	4074
433	4073
433	4072
433	4071
433	4070
447	4199
447	4198
447	4197
447	4196
447	4195
447	4194
447	4193
447	4192
447	4191
414	3930
414	3931
414	3932
414	3933
414	3934
414	3935
414	3936
414	3929
414	3926
414	3927
414	3928
414	3918
414	3919
414	3920
414	3921
414	3922
414	3923
414	3924
414	3925
435	4086
435	4085
435	4084
435	4083
417	3940
417	3937
417	3938
417	3939
436	4090
436	4089
436	4088
436	4087
419	3942
419	3941
438	4106
438	4105
438	4104
438	4103
438	4102
438	4101
438	4100
438	4097
438	4098
438	4099
438	4096
438	4093
438	4094
438	4095
438	4091
438	4092
439	4112
439	4123
439	4122
439	4121
439	4120
439	4119
439	4118
439	4117
439	4116
439	4115
439	4114
439	4113
439	4111
439	4110
439	4109
439	4108
439	4107
440	4126
440	4125
440	4124
457	4264
457	4265
457	4266
457	4267
457	4263
457	4262
457	4261
457	4260
457	4257
457	4258
457	4259
457	4255
457	4256
457	4254
457	4253
457	4250
457	4251
457	4252
457	4249
441	4144
441	4143
441	4142
441	4141
441	4140
441	4139
441	4138
441	4137
441	4136
441	4135
441	4134
441	4130
441	4131
441	4132
441	4133
441	4129
441	4128
442	4182
442	4180
442	4181
442	4179
442	4178
442	4174
442	4175
442	4176
442	4177
442	4173
442	4172
442	4170
442	4171
442	4169
442	4168
442	4167
442	4166
442	4165
442	4164
442	4162
442	4163
442	4161
442	4159
442	4160
442	4158
442	4157
444	4184
444	4183
445	4186
445	4187
445	4188
445	4189
445	4190
445	4185
448	4235
448	4234
448	4233
448	4231
448	4232
448	4230
448	4229
448	4228
448	4227
448	4226
448	4225
448	4224
448	4223
448	4222
448	4221
448	4220
448	4219
448	4218
448	4217
448	4216
448	4215
448	4212
448	4213
448	4214
448	4211
448	4210
448	4209
448	4206
448	4207
448	4208
448	4205
448	4204
448	4203
448	4202
448	4201
448	4200
463	4298
450	4241
450	4242
450	4243
450	4244
450	4245
450	4246
450	4240
450	4238
450	4239
450	4237
450	4236
455	4248
451	4247
598	5136
598	5137
598	5138
598	5139
598	5140
598	5141
598	5131
598	5132
598	5133
598	5134
598	5135
598	5130
598	5129
598	5128
598	5127
539	4313
539	4312
539	4311
539	4310
539	4309
539	4308
539	4307
539	4306
539	4303
539	4304
539	4305
539	4302
539	4301
539	4299
539	4300
549	4487
549	4486
549	4484
549	4485
549	4483
549	4482
551	4518
551	4517
551	4516
551	4515
551	4514
551	4513
551	4512
551	4511
551	4510
551	4507
551	4508
551	4509
551	4506
551	4505
551	4504
551	4503
551	4502
553	4524
553	4523
553	4522
553	4521
553	4520
553	4519
555	4536
555	4537
555	4538
555	4539
555	4540
555	4541
555	4542
555	4543
555	4533
555	4534
555	4535
555	4528
555	4529
555	4530
555	4531
555	4532
555	4525
555	4526
555	4527
557	4551
557	4550
557	4545
557	4546
557	4547
557	4548
557	4549
557	4544
558	4558
558	4557
558	4556
558	4555
558	4554
558	4553
558	4552
542	4400
542	4399
542	4398
542	4397
542	4396
542	4395
542	4394
542	4393
542	4392
542	4391
542	4390
542	4389
542	4388
542	4386
542	4387
542	4385
542	4384
542	4383
542	4382
542	4381
542	4380
542	4379
542	4378
542	4377
543	4402
543	4403
543	4404
543	4405
543	4406
543	4407
543	4408
543	4409
543	4410
543	4401
559	4568
559	4567
559	4564
559	4565
559	4566
559	4561
559	4562
559	4563
559	4560
559	4559
544	4445
544	4444
544	4436
544	4437
544	4438
544	4439
544	4440
544	4441
544	4442
544	4443
544	4432
544	4433
544	4434
544	4435
544	4425
544	4426
544	4427
544	4428
544	4429
544	4430
544	4431
544	4418
544	4419
544	4420
544	4421
544	4422
544	4423
544	4424
544	4417
544	4413
544	4414
544	4415
544	4416
544	4412
544	4411
545	4459
545	4458
545	4457
545	4456
545	4453
545	4454
545	4455
545	4452
545	4451
545	4450
545	4449
545	4448
545	4447
545	4446
547	4481
547	4480
547	4479
547	4478
547	4477
547	4476
547	4475
547	4474
546	4473
546	4472
546	4471
546	4470
546	4469
546	4465
546	4466
546	4467
546	4468
546	4461
546	4462
546	4463
546	4464
546	4460
572	4730
572	4729
572	4728
572	4727
572	4726
572	4725
572	4724
572	4720
572	4721
572	4722
572	4723
572	4719
572	4718
572	4717
572	4716
572	4715
572	4711
572	4712
572	4713
572	4714
572	4710
572	4709
572	4708
572	4707
572	4706
572	4705
572	4704
572	4703
572	4702
572	4698
572	4699
572	4700
572	4701
572	4693
572	4694
572	4695
572	4696
572	4697
572	4692
572	4691
560	4575
560	4574
560	4570
560	4571
560	4572
560	4573
560	4569
561	4603
561	4602
561	4601
561	4600
561	4599
561	4598
561	4597
561	4596
561	4595
561	4594
561	4593
561	4592
561	4591
561	4590
561	4589
561	4588
561	4587
561	4586
561	4585
561	4584
561	4583
561	4582
561	4581
561	4580
561	4579
561	4578
561	4577
561	4576
9753	4781
9753	4779
9753	4780
9753	4772
9753	4773
9753	4774
9753	4775
9753	4776
9753	4777
9753	4778
9753	4770
9753	4771
9753	4769
9753	4768
9753	4764
9753	4765
9753	4766
9753	4767
9753	4763
9753	4762
9753	4757
9753	4758
9753	4759
9753	4760
9753	4761
9753	4751
9753	4752
9753	4753
9753	4754
9753	4755
9753	4756
9753	4750
9753	4749
9753	4748
9753	4740
9753	4741
9753	4742
9753	4743
9753	4744
9753	4745
9753	4746
9753	4747
9753	4739
9753	4738
9753	4737
9753	4736
9753	4733
9753	4734
9753	4735
9753	4731
9753	4732
573	4821
573	4820
573	4819
573	4818
573	4817
573	4816
573	4815
573	4814
573	4813
573	4812
573	4811
573	4810
573	4809
573	4808
573	4807
573	4806
573	4805
573	4804
573	4803
573	4802
573	4801
573	4800
573	4799
573	4798
573	4797
573	4796
573	4795
573	4794
573	4793
573	4792
573	4791
573	4790
573	4789
573	4788
573	4787
573	4786
573	4785
573	4784
573	4783
573	4782
550	4501
550	4500
550	4499
550	4498
550	4497
550	4496
550	4495
550	4494
550	4493
550	4492
550	4491
550	4490
550	4489
550	4488
563	4615
563	4614
563	4613
563	4612
563	4611
563	4609
563	4610
563	4608
563	4604
563	4605
563	4606
563	4607
576	4835
576	4834
576	4833
576	4832
576	4831
576	4830
576	4829
576	4828
576	4827
576	4826
576	4825
576	4824
576	4823
576	4822
565	4636
565	4635
565	4634
565	4633
565	4632
565	4631
565	4630
565	4629
565	4628
565	4627
565	4626
565	4625
565	4624
565	4623
565	4622
565	4621
565	4620
565	4619
565	4618
565	4617
565	4616
566	4639
566	4637
566	4638
568	4676
568	4675
568	4674
568	4673
568	4672
568	4671
568	4670
568	4669
568	4668
568	4667
568	4666
568	4665
568	4664
568	4663
578	4845
578	4844
578	4843
578	4842
578	4841
578	4840
578	4839
569	4679
569	4678
569	4677
579	4855
579	4854
579	4850
579	4851
579	4852
579	4853
579	4849
579	4848
579	4847
579	4846
580	4915
580	4914
580	4913
580	4912
580	4911
580	4910
580	4909
580	4908
580	4907
580	4906
580	4905
580	4904
580	4903
580	4902
580	4899
580	4900
580	4901
580	4897
580	4898
580	4896
580	4894
580	4895
580	4893
580	4892
580	4891
580	4890
580	4889
580	4888
580	4887
580	4886
580	4885
580	4884
580	4883
580	4882
580	4881
580	4880
580	4879
580	4876
580	4877
580	4878
580	4875
580	4874
580	4873
580	4872
580	4871
580	4870
580	4869
580	4868
580	4867
580	4866
580	4864
580	4865
580	4863
580	4862
580	4861
580	4860
580	4857
580	4858
580	4859
580	4856
582	4935
582	4932
582	4933
582	4934
582	4927
582	4928
582	4929
582	4930
582	4931
582	4926
582	4925
582	4924
582	4918
582	4919
582	4920
582	4921
582	4922
582	4923
582	4917
582	4916
583	4959
583	4958
583	4957
583	4956
583	4955
583	4954
583	4952
583	4953
583	4951
583	4950
583	4949
583	4948
583	4947
583	4946
583	4945
583	4944
583	4943
583	4942
583	4941
583	4940
583	4939
583	4938
583	4937
583	4936
586	4969
586	4968
586	4967
586	4966
586	4965
586	4964
586	4963
586	4962
586	4961
586	4960
587	4996
587	4997
587	4998
587	4999
587	5000
587	5001
587	5002
587	4993
587	4994
587	4995
587	4988
587	4989
587	4990
587	4991
587	4992
587	4987
587	4986
587	4984
587	4985
587	4983
587	4982
587	4974
587	4975
587	4976
587	4977
587	4978
587	4979
587	4980
587	4981
587	4973
587	4972
587	4971
587	4970
588	5010
588	5009
588	5005
588	5006
588	5007
588	5008
588	5004
588	5003
606	5193
606	5192
606	5191
606	5190
606	5189
606	5188
606	5187
606	5186
606	5185
606	5184
606	5183
606	5182
606	5181
606	5180
606	5179
606	5178
606	5177
606	5176
606	5175
606	5174
589	5011
590	5046
590	5045
590	5039
590	5040
590	5041
590	5042
590	5043
590	5044
590	5034
590	5035
590	5036
590	5037
590	5038
590	5031
590	5032
590	5033
590	5030
590	5026
590	5027
590	5028
590	5029
590	5024
590	5025
590	5023
590	5018
590	5019
590	5020
590	5021
590	5022
590	5017
590	5012
590	5013
590	5014
590	5015
590	5016
608	5224
608	5223
608	5222
608	5221
608	5220
608	5219
608	5218
608	5217
608	5216
608	5215
608	5214
608	5213
608	5212
608	5211
608	5210
608	5209
608	5208
608	5207
608	5206
608	5205
608	5204
608	5203
608	5202
608	5201
608	5200
608	5199
608	5198
608	5197
608	5196
608	5195
608	5194
591	5092
591	5091
591	5090
591	5089
591	5088
591	5087
591	5086
591	5085
591	5084
591	5083
591	5082
591	5081
591	5080
591	5079
591	5078
591	5077
591	5076
591	5075
591	5074
591	5073
591	5072
591	5071
591	5070
591	5066
591	5067
591	5068
591	5069
591	5060
591	5061
591	5062
591	5063
591	5064
591	5065
591	5059
591	5058
591	5050
591	5051
591	5052
591	5053
591	5054
591	5055
591	5056
591	5057
591	5049
591	5048
591	5047
610	5260
610	5259
610	5258
610	5257
610	5256
610	5255
610	5254
610	5253
610	5252
610	5251
610	5250
610	5249
610	5248
610	5247
610	5246
610	5245
610	5244
610	5243
610	5242
610	5241
610	5240
610	5239
610	5238
610	5237
610	5236
610	5235
610	5234
610	5233
610	5232
610	5231
610	5230
610	5229
610	5228
610	5227
610	5226
610	5225
611	5261
611	5262
593	5097
593	5098
593	5096
593	5093
593	5094
593	5095
594	5101
594	5100
594	5099
613	5318
613	5317
613	5312
613	5313
613	5314
613	5315
613	5316
613	5311
613	5310
613	5309
613	5300
613	5301
613	5302
613	5303
613	5304
613	5305
613	5306
613	5307
613	5308
613	5291
613	5292
613	5293
613	5294
613	5295
613	5296
613	5297
613	5298
613	5299
613	5290
613	5289
613	5279
613	5281
613	5282
613	5283
613	5284
613	5285
613	5286
613	5287
613	5288
613	5280
613	5278
613	5277
613	5276
613	5275
613	5265
613	5267
613	5268
613	5269
613	5270
613	5271
613	5272
613	5273
613	5274
613	5266
613	5264
613	5263
595	5126
595	5125
595	5124
595	5123
595	5122
595	5121
595	5120
595	5119
595	5109
595	5111
595	5112
595	5113
595	5114
595	5115
595	5116
595	5117
595	5118
595	5110
595	5108
595	5103
595	5104
595	5105
595	5106
595	5107
595	5102
600	5146
600	5142
600	5143
600	5144
600	5145
615	5362
615	5361
615	5360
615	5359
615	5358
615	5357
615	5356
615	5355
615	5354
615	5353
615	5352
615	5351
615	5350
615	5349
615	5348
615	5347
615	5346
615	5345
615	5344
615	5343
615	5342
615	5341
615	5340
615	5339
615	5338
615	5337
615	5336
615	5335
615	5334
615	5333
615	5332
615	5329
615	5330
615	5331
601	5147
602	5158
602	5154
602	5155
602	5156
602	5157
602	5153
602	5152
602	5151
602	5149
602	5150
602	5148
603	5173
603	5172
603	5171
603	5170
603	5169
603	5168
603	5167
603	5166
603	5165
603	5164
603	5163
603	5162
603	5161
603	5160
603	5159
616	5371
616	5365
616	5366
616	5367
616	5368
616	5369
616	5370
616	5364
616	5363
635	5478
635	5477
635	5476
635	5475
635	5474
635	5473
635	5472
635	5471
635	5468
635	5469
635	5470
635	5467
635	5466
635	5465
636	5489
636	5490
636	5491
636	5492
636	5493
636	5485
636	5486
636	5487
636	5488
636	5484
636	5481
636	5482
636	5483
636	5480
636	5479
619	5401
619	5400
619	5399
637	5494
637	5495
637	5496
620	5415
620	5414
620	5413
620	5407
620	5408
620	5409
620	5410
620	5411
620	5412
620	5406
620	5405
620	5404
620	5403
620	5402
623	5416
628	5417
629	5420
654	5709
654	5708
654	5703
654	5704
654	5705
654	5706
654	5707
654	5701
654	5702
641	5497
642	5498
643	5537
643	5536
643	5535
643	5534
643	5533
643	5532
643	5531
643	5530
643	5529
643	5528
643	5527
643	5526
643	5525
643	5521
643	5522
643	5523
643	5524
643	5520
643	5519
643	5518
643	5517
643	5516
643	5515
643	5514
643	5510
643	5511
643	5512
643	5513
646	5574
646	5575
646	5576
646	5577
646	5570
646	5571
646	5572
646	5573
646	5566
646	5567
646	5568
646	5569
646	5563
646	5564
646	5565
646	5562
646	5561
646	5558
646	5559
646	5560
646	5556
646	5557
646	5555
646	5554
646	5553
646	5552
646	5551
646	5550
646	5549
646	5548
646	5547
646	5546
646	5544
646	5545
646	5543
646	5542
646	5541
646	5540
646	5539
646	5538
647	5631
647	5630
648	5672
648	5671
648	5670
648	5669
648	5668
648	5667
648	5666
648	5665
648	5664
648	5663
648	5662
648	5655
648	5656
648	5657
648	5658
648	5659
648	5660
648	5661
648	5654
648	5653
648	5652
648	5651
648	5650
648	5649
648	5648
648	5647
648	5646
648	5645
648	5644
648	5643
648	5642
648	5641
648	5640
648	5639
648	5638
648	5637
648	5636
648	5635
648	5634
648	5633
648	5632
649	5680
649	5679
649	5678
649	5677
649	5676
649	5675
649	5674
649	5673
630	5436
630	5430
630	5431
630	5432
630	5433
630	5434
630	5435
630	5427
630	5428
630	5429
630	5426
630	5421
630	5422
630	5423
630	5424
630	5425
651	5692
651	5691
651	5690
651	5689
651	5688
651	5687
651	5686
651	5685
651	5684
651	5683
651	5682
651	5681
631	5456
631	5455
631	5454
631	5453
631	5452
631	5451
631	5450
631	5449
631	5448
631	5447
631	5446
631	5445
631	5444
631	5443
631	5442
631	5440
631	5441
631	5437
631	5438
631	5439
632	5460
632	5459
632	5458
632	5457
633	5464
633	5463
633	5462
633	5461
656	5739
656	5738
656	5737
656	5736
656	5735
656	5734
656	5733
656	5732
656	5731
656	5730
656	5729
656	5728
656	5727
656	5726
656	5725
656	5724
656	5722
656	5723
656	5721
656	5720
656	5719
656	5718
656	5716
656	5717
656	5715
656	5714
656	5713
656	5711
656	5712
656	5710
665	5849
665	5848
665	5847
665	5846
665	5845
665	5844
665	5843
662	5742
662	5741
660	5740
667	5873
667	5872
667	5862
667	5864
667	5865
667	5866
667	5867
667	5868
667	5869
667	5870
667	5871
667	5863
667	5861
667	5860
667	5858
667	5859
667	5857
667	5856
667	5855
667	5854
667	5853
667	5852
667	5851
667	5850
668	5912
668	5911
668	5910
668	5906
668	5907
668	5908
668	5909
668	5901
668	5902
668	5903
668	5904
668	5905
668	5900
668	5899
668	5898
668	5897
668	5896
668	5895
668	5894
668	5889
668	5890
668	5891
668	5892
668	5893
668	5888
668	5884
668	5885
668	5886
668	5887
668	5883
668	5882
668	5878
668	5879
668	5880
668	5881
668	5877
668	5876
668	5875
668	5874
664	5842
664	5841
664	5838
664	5839
664	5840
664	5837
664	5836
664	5835
664	5834
664	5833
664	5832
664	5831
664	5830
664	5829
664	5828
664	5827
664	5826
664	5825
664	5824
664	5823
664	5822
664	5821
664	5820
664	5819
664	5818
664	5817
664	5813
664	5814
664	5815
664	5816
664	5812
664	5811
664	5806
664	5807
664	5808
664	5809
664	5810
664	5805
664	5804
664	5803
664	5802
664	5801
664	5800
664	5799
664	5798
664	5797
664	5796
664	5795
664	5794
664	5793
670	5923
670	5922
670	5921
670	5920
670	5919
670	5918
670	5917
670	5916
670	5915
670	5914
670	5913
663	5764
663	5765
663	5762
663	5763
663	5760
663	5761
663	5758
663	5759
663	5756
663	5757
663	5754
663	5755
663	5752
663	5753
663	5751
671	5929
671	5928
671	5926
671	5927
671	5925
671	5924
673	5947
673	5948
673	5949
673	5950
673	5951
673	5952
673	5953
673	5954
673	5946
673	5941
673	5942
673	5943
673	5944
673	5945
673	5940
673	5939
673	5938
673	5937
673	5936
673	5935
673	5934
673	5933
673	5932
673	5931
675	5970
675	5969
675	5968
675	5967
675	5966
675	5965
675	5964
675	5963
675	5960
675	5961
675	5962
675	5959
675	5958
675	5957
675	5956
675	5955
541	4376
541	4375
541	4374
541	4372
541	4373
541	4371
541	4370
541	4369
541	4368
541	4367
541	4366
541	4365
541	4364
541	4363
541	4362
541	4361
541	4360
541	4359
541	4358
541	4357
541	4356
541	4355
541	4354
541	4353
541	4352
541	4351
541	4350
541	4348
541	4349
541	4347
541	4346
541	4345
541	4344
541	4343
541	4342
541	4341
541	4340
541	4339
541	4338
541	4337
541	4336
541	4335
541	4334
541	4333
541	4332
541	4331
541	4329
541	4330
541	4328
541	4323
541	4324
541	4325
541	4326
541	4327
541	4322
541	4320
541	4321
541	4319
541	4318
541	4317
541	4316
541	4315
541	4314
0	6008
0	6007
0	6006
0	6004
0	6005
0	6003
0	6002
0	6001
0	6000
0	5999
0	5998
0	5997
1	6018
1	6017
1	6016
1	6015
1	6014
1	6013
1	6012
1	6011
1	6010
1	6009
2	6056
2	6055
2	6054
2	6053
2	6052
2	6051
2	6050
2	6049
2	6048
2	6047
2	6046
2	6045
2	6044
2	6043
2	6042
2	6041
2	6040
2	6039
2	6038
2	6037
2	6036
2	6035
2	6034
2	6033
2	6032
2	6031
2	6030
2	6029
2	6028
2	6027
2	6026
2	6025
2	6024
2	6023
2	6022
2	6021
2	6020
2	6019
3	6065
3	6064
3	6061
3	6062
3	6063
3	6060
3	6059
4	6082
4	6083
4	6084
4	6081
4	6080
4	6079
4	6078
4	6077
4	6076
4	6075
4	6074
4	6073
4	6072
4	6071
4	6070
4	6069
4	6068
4	6067
4	6066
5	6093
5	6092
5	6091
5	6090
5	6089
5	6088
5	6087
5	6086
5	6085
7	6119
7	6110
7	6111
7	6112
7	6113
7	6114
7	6115
7	6116
7	6117
7	6118
7	6105
7	6106
7	6107
7	6108
7	6109
7	6104
7	6103
7	6102
7	6101
7	6096
7	6097
7	6098
7	6099
7	6100
7	6095
7	6094
9	6126
9	6125
9	6124
9	6123
9	6122
9	6121
9	6120
12	6135
12	6132
12	6133
12	6134
12	6131
12	6130
12	6129
12	6128
12	6127
13	6139
13	6138
13	6137
13	6136
14	6141
14	6140
15	6178
15	6179
15	6180
15	6177
15	6176
15	6175
15	6172
15	6173
15	6174
15	6168
15	6169
15	6170
15	6171
15	6164
15	6165
15	6166
15	6167
15	6160
15	6161
15	6162
15	6163
15	6157
15	6158
15	6159
15	6153
15	6154
15	6155
15	6156
15	6149
15	6150
15	6151
15	6152
15	6146
15	6147
15	6148
15	6145
15	6144
15	6143
15	6142
16	6192
16	6191
16	6188
16	6189
16	6190
16	6187
16	6186
16	6185
16	6182
16	6183
16	6184
16	6181
17	6204
17	6203
17	6202
17	6201
17	6200
17	6199
17	6198
17	6197
17	6196
17	6195
17	6194
17	6193
18	6220
18	6219
18	6218
19	6228
19	6227
19	6226
19	6225
19	6224
19	6223
19	6222
19	6221
20	6300
20	6299
20	6298
20	6297
20	6296
20	6295
20	6294
20	6293
20	6292
20	6291
20	6290
20	6289
20	6288
20	6287
20	6286
20	6285
20	6284
20	6283
20	6282
20	6281
20	6278
20	6279
20	6280
20	6277
20	6275
20	6276
20	6271
20	6272
20	6273
20	6274
20	6270
20	6266
20	6267
20	6268
20	6269
20	6265
20	6264
20	6263
20	6262
20	6261
20	6260
20	6259
20	6255
20	6256
20	6257
20	6258
20	6251
20	6252
20	6253
20	6254
20	6243
20	6244
20	6245
20	6246
20	6247
20	6248
20	6249
20	6250
20	6238
20	6239
20	6240
20	6241
20	6242
20	6237
20	6236
20	6232
20	6233
20	6234
20	6235
20	6231
20	6230
20	6229
24	6366
24	6365
24	6364
24	6363
24	6362
24	6361
24	6359
24	6360
24	6358
24	6357
24	6356
24	6355
24	6354
24	6353
24	6352
24	6351
24	6350
24	6349
24	6348
24	6347
24	6346
24	6345
24	6344
24	6343
24	6342
24	6341
24	6339
24	6340
24	6338
24	6336
24	6337
24	6335
24	6334
24	6333
24	6332
24	6331
24	6330
24	6329
24	6328
24	6327
24	6326
24	6325
24	6324
24	6323
24	6322
24	6321
24	6320
24	6319
24	6318
24	6317
24	6316
24	6315
24	6314
24	6313
24	6312
24	6308
24	6309
24	6310
24	6311
24	6304
24	6305
24	6306
24	6307
24	6303
24	6302
24	6301
25	6379
25	6378
25	6377
25	6376
25	6375
25	6374
25	6373
25	6370
25	6371
25	6372
25	6369
25	6368
25	6367
26	6397
26	6399
26	6400
26	6401
26	6402
26	6403
26	6404
26	6405
26	6406
26	6398
26	6396
26	6395
26	6394
26	6393
26	6392
26	6391
26	6390
26	6389
26	6388
26	6387
26	6386
26	6385
26	6384
26	6383
26	6382
26	6381
26	6380
27	6483
27	6481
27	6482
27	6480
27	6479
27	6478
27	6477
27	6476
27	6475
27	6474
27	6473
27	6472
27	6471
27	6470
27	6469
27	6468
27	6467
27	6462
27	6463
27	6464
27	6465
27	6466
27	6458
27	6459
27	6460
27	6461
27	6457
27	6456
27	6455
27	6454
27	6453
27	6452
27	6451
27	6446
27	6447
27	6448
27	6449
27	6450
27	6445
27	6444
27	6440
27	6441
27	6442
27	6443
27	6439
27	6435
27	6436
27	6437
27	6438
27	6434
27	6433
27	6432
27	6431
27	6430
27	6429
27	6428
27	6427
27	6426
27	6425
27	6422
27	6423
27	6424
27	6418
27	6419
27	6420
27	6421
27	6417
27	6416
27	6415
27	6414
27	6413
27	6412
27	6411
27	6410
27	6409
27	6408
27	6407
28	6484
29	6496
29	6497
29	6495
29	6494
29	6492
29	6493
29	6491
29	6490
29	6489
29	6488
29	6487
29	6486
29	6485
30	6538
30	6537
30	6536
30	6535
30	6534
30	6533
30	6532
30	6531
30	6530
30	6528
30	6529
30	6527
30	6526
30	6525
30	6524
30	6523
30	6522
30	6521
30	6520
30	6519
30	6518
30	6517
30	6516
30	6515
30	6514
30	6513
30	6512
30	6511
30	6510
30	6509
30	6508
30	6507
30	6506
30	6505
30	6504
30	6503
30	6502
30	6501
30	6500
30	6499
30	6498
31	6540
31	6539
32	6551
32	6550
32	6549
32	6548
32	6547
32	6546
32	6545
32	6544
32	6543
32	6542
32	6541
34	6582
34	6583
34	6584
34	6585
34	6586
34	6587
34	6588
34	6581
34	6575
34	6576
34	6577
34	6578
34	6579
34	6580
34	6574
34	6573
34	6572
34	6571
34	6566
34	6567
34	6568
34	6569
34	6570
34	6563
34	6564
34	6565
34	6557
34	6558
34	6559
34	6560
34	6561
34	6562
34	6555
34	6556
34	6554
34	6553
34	6552
37	6604
37	6603
37	6602
37	6601
37	6597
37	6598
37	6599
37	6600
37	6596
37	6595
37	6594
37	6593
37	6592
37	6591
37	6590
37	6589
38	6660
38	6659
38	6658
38	6657
38	6656
38	6655
38	6654
38	6653
38	6652
38	6651
38	6650
38	6649
38	6648
38	6647
38	6646
38	6645
38	6644
38	6643
38	6642
38	6641
38	6640
38	6639
38	6638
38	6637
38	6636
38	6635
38	6634
38	6633
38	6632
38	6631
38	6630
38	6629
38	6628
38	6627
38	6626
38	6625
38	6624
38	6623
38	6622
38	6621
38	6620
38	6619
38	6618
38	6617
38	6616
38	6615
38	6614
38	6613
38	6612
38	6611
38	6610
38	6609
38	6608
38	6607
38	6606
38	6605
39	6663
39	6662
39	6661
41	6681
41	6680
41	6679
41	6678
41	6677
41	6676
41	6675
41	6674
41	6673
41	6672
41	6671
41	6670
41	6669
41	6668
41	6667
41	6666
41	6665
41	6664
42	6688
42	6687
42	6686
42	6685
42	6684
42	6683
42	6682
43	6694
43	6693
43	6691
43	6692
43	6690
43	6689
44	6707
44	6706
44	6702
44	6703
44	6704
44	6705
44	6701
44	6700
44	6699
44	6698
44	6697
44	6696
44	6695
45	6718
45	6717
45	6716
45	6715
45	6714
45	6713
45	6712
47	6748
47	6747
47	6746
47	6745
47	6744
47	6743
47	6742
47	6741
47	6740
47	6739
47	6738
47	6737
47	6736
47	6735
47	6734
47	6733
47	6732
47	6731
47	6730
47	6729
47	6728
47	6727
47	6726
47	6725
47	6724
47	6723
47	6722
47	6721
47	6720
47	6719
48	6751
48	6749
48	6750
49	6773
49	6774
49	6775
49	6769
49	6770
49	6771
49	6772
49	6762
49	6763
49	6764
49	6765
49	6766
49	6767
49	6768
49	6752
49	6754
49	6755
49	6756
49	6757
49	6758
49	6759
49	6760
49	6761
49	6753
51	6779
51	6778
51	6777
51	6776
52	6786
52	6783
52	6784
52	6785
52	6780
52	6781
52	6782
53	6922
53	6921
53	6920
53	6919
53	6918
53	6917
53	6916
53	6915
53	6914
53	6913
53	6912
53	6911
53	6910
53	6909
53	6908
53	6907
53	6906
53	6905
53	6904
53	6903
53	6902
53	6901
53	6900
53	6899
53	6898
53	6897
53	6888
53	6889
53	6890
53	6891
53	6892
53	6893
53	6894
53	6895
53	6896
53	6887
53	6886
53	6885
53	6881
53	6882
53	6883
53	6884
53	6880
53	6879
53	6878
53	6877
53	6876
53	6873
53	6874
53	6875
53	6872
53	6871
53	6870
53	6869
53	6868
53	6867
53	6866
53	6865
53	6864
53	6863
53	6862
53	6861
53	6860
53	6859
53	6858
53	6857
53	6856
53	6855
53	6854
53	6853
53	6852
53	6849
53	6850
53	6851
53	6848
53	6847
53	6846
53	6845
53	6841
53	6842
53	6843
53	6844
53	6840
53	6839
53	6838
53	6835
53	6836
53	6837
53	6833
53	6834
53	6832
53	6831
53	6830
53	6829
53	6828
53	6826
53	6827
53	6824
53	6825
53	6823
53	6822
53	6821
53	6820
53	6817
53	6818
53	6819
53	6816
53	6813
53	6814
53	6815
53	6812
53	6811
53	6810
53	6809
53	6808
53	6807
53	6803
53	6804
53	6805
53	6806
53	6799
53	6800
53	6801
53	6802
53	6798
53	6796
53	6797
53	6789
53	6790
53	6791
53	6792
53	6793
53	6794
53	6795
53	6788
53	6787
54	6943
54	6944
54	6945
55	6952
55	6953
55	6954
55	6951
55	6950
55	6949
55	6948
55	6947
55	6946
58	6958
58	6957
58	6955
58	6956
59	6963
59	6962
59	6961
59	6960
59	6959
60	6997
60	6996
60	6995
60	6994
60	6993
60	6992
60	6991
60	6990
60	6989
60	6988
60	6987
60	6986
60	6985
60	6984
60	6974
60	6976
60	6977
60	6978
60	6979
60	6980
60	6981
60	6982
60	6983
60	6975
60	6971
60	6972
60	6973
60	6970
60	6969
60	6968
60	6967
60	6966
60	6965
60	6964
61	7008
61	7009
61	7007
61	7005
61	7006
61	7004
61	7003
61	7002
61	7000
61	7001
61	6999
61	6998
63	7016
63	7015
63	7014
63	7011
63	7012
63	7013
63	7010
64	7030
64	7029
64	7028
64	7026
64	7027
64	7025
64	7024
64	7023
64	7022
64	7020
64	7021
64	7019
64	7017
64	7018
65	7035
65	7036
65	7037
65	7032
65	7033
65	7034
65	7031
66	7071
66	7070
66	7069
66	7068
66	7067
66	7066
66	7065
66	7064
66	7063
66	7062
66	7061
66	7060
66	7059
66	7058
66	7057
66	7056
66	7055
66	7054
66	7053
66	7051
66	7052
66	7050
66	7049
66	7048
66	7047
66	7046
66	7045
66	7044
66	7043
66	7042
66	7040
66	7041
66	7039
66	7038
67	7083
67	7084
67	7085
67	7086
67	7087
67	7088
67	7082
67	7081
67	7080
67	7079
67	7078
67	7077
67	7076
67	7075
67	7074
67	7073
67	7072
69	7102
69	7101
69	7100
69	7099
69	7098
69	7097
69	7096
69	7095
69	7094
69	7093
69	7092
69	7091
69	7090
69	7089
70	7132
70	7131
70	7130
70	7129
70	7128
70	7126
70	7127
70	7125
70	7122
70	7123
70	7124
70	7121
70	7120
70	7119
70	7118
70	7117
70	7113
70	7114
70	7115
70	7116
70	7111
70	7112
70	7110
70	7109
70	7104
70	7105
70	7106
70	7107
70	7108
70	7103
72	7144
72	7141
72	7142
72	7143
72	7140
72	7139
72	7138
72	7135
72	7136
72	7137
72	7134
72	7133
76	7171
76	7170
76	7169
76	7168
76	7165
76	7166
76	7167
76	7162
76	7163
76	7164
76	7161
76	7160
76	7158
76	7159
76	7157
76	7156
76	7155
76	7154
76	7153
76	7152
76	7151
76	7150
76	7149
76	7147
76	7148
76	7146
76	7145
77	7174
77	7173
77	7172
79	7198
79	7199
79	7197
79	7196
79	7193
79	7194
79	7195
79	7192
79	7191
79	7190
79	7188
79	7189
79	7184
79	7185
79	7186
79	7187
79	7179
79	7180
79	7181
79	7182
79	7183
79	7178
79	7177
79	7176
79	7175
80	7224
80	7223
80	7222
80	7221
80	7220
80	7219
80	7218
80	7217
80	7216
80	7215
80	7214
80	7213
80	7212
80	7211
80	7210
80	7209
80	7207
80	7208
80	7206
80	7204
80	7205
80	7203
80	7202
80	7201
80	7200
81	7226
81	7227
81	7228
81	7229
81	7225
82	7267
82	7268
82	7266
82	7264
82	7265
82	7263
82	7261
82	7262
82	7258
82	7259
82	7260
82	7256
82	7257
82	7253
82	7254
82	7255
82	7248
82	7249
82	7250
82	7251
82	7252
82	7244
82	7245
82	7246
82	7247
82	7240
82	7241
82	7242
82	7243
82	7236
82	7237
82	7238
82	7239
83	7282
83	7281
83	7280
83	7277
83	7278
83	7279
83	7274
83	7275
83	7276
83	7271
83	7272
83	7273
83	7270
83	7269
85	7294
85	7293
85	7292
85	7291
85	7290
85	7289
85	7288
85	7287
85	7286
85	7285
85	7284
85	7283
86	7296
86	7295
87	7311
87	7310
87	7309
87	7308
87	7307
87	7306
87	7305
87	7304
87	7303
87	7302
87	7301
87	7300
87	7299
87	7298
87	7297
88	7327
88	7326
88	7325
88	7324
88	7323
88	7322
88	7320
88	7321
88	7319
88	7316
88	7317
88	7318
88	7315
88	7314
88	7313
88	7312
89	7340
89	7339
89	7338
89	7337
89	7336
89	7335
89	7334
89	7333
89	7332
89	7331
89	7330
89	7329
89	7328
90	7362
90	7361
90	7360
90	7359
90	7358
90	7357
90	7356
90	7355
90	7354
90	7353
90	7352
90	7351
90	7350
90	7349
90	7348
90	7347
90	7346
90	7345
90	7344
90	7343
90	7342
90	7341
91	7381
91	7380
91	7379
91	7378
91	7377
91	7376
91	7375
91	7374
91	7373
91	7372
91	7371
91	7370
93	7384
93	7383
93	7382
95	7394
95	7393
95	7392
95	7391
95	7390
95	7389
95	7388
95	7387
95	7386
95	7385
98	7421
98	7420
98	7419
98	7418
98	7417
98	7416
98	7415
100	7445
100	7446
100	7447
100	7448
100	7449
100	7443
100	7444
100	7440
100	7441
100	7442
100	7437
100	7438
100	7439
100	7431
100	7432
100	7433
100	7434
100	7435
100	7436
100	7430
100	7427
100	7428
100	7429
100	7422
100	7423
100	7424
100	7425
100	7426
101	7514
101	7513
101	7512
101	7511
101	7510
101	7509
101	7508
101	7507
101	7506
101	7505
101	7504
101	7503
101	7502
101	7501
101	7500
101	7499
101	7498
101	7497
101	7496
101	7495
101	7494
101	7493
101	7492
101	7491
101	7490
101	7489
101	7488
101	7487
101	7486
101	7485
101	7484
101	7483
101	7482
101	7481
101	7480
101	7479
101	7478
101	7477
101	7476
101	7475
101	7474
101	7473
101	7472
101	7471
101	7470
101	7469
101	7468
101	7467
101	7466
101	7465
101	7464
101	7463
101	7462
101	7461
101	7460
101	7459
101	7458
101	7457
101	7456
101	7455
101	7454
101	7453
101	7452
101	7451
101	7450
102	7516
102	7515
103	7524
103	7523
103	7522
103	7521
103	7520
103	7519
103	7518
103	7517
105	7535
105	7534
105	7533
105	7532
105	7531
105	7530
105	7529
105	7528
105	7527
105	7526
105	7525
108	7537
108	7536
109	7546
109	7545
109	7544
109	7543
109	7542
109	7539
109	7540
109	7541
109	7538
110	7549
110	7548
110	7547
111	7603
111	7602
111	7601
111	7597
111	7598
111	7599
111	7600
111	7596
111	7592
111	7593
111	7594
111	7595
111	7591
111	7590
111	7589
111	7588
111	7587
111	7584
111	7585
111	7586
111	7583
111	7577
111	7578
111	7579
111	7580
111	7581
111	7582
111	7571
111	7572
111	7573
111	7574
111	7575
111	7576
111	7570
111	7566
111	7567
111	7568
111	7569
111	7565
111	7564
111	7563
111	7558
111	7559
111	7560
111	7561
111	7562
111	7557
111	7552
111	7553
111	7554
111	7555
111	7556
111	7551
111	7550
113	7610
113	7605
113	7606
113	7607
113	7608
113	7609
113	7604
114	7613
114	7612
114	7611
116	7650
116	7649
116	7648
116	7647
120	7661
120	7660
120	7659
120	7658
120	7657
120	7656
120	7655
120	7654
120	7653
120	7652
120	7651
121	7689
121	7688
121	7683
121	7684
121	7685
121	7686
121	7687
121	7676
121	7677
121	7678
121	7679
121	7680
121	7681
121	7682
121	7675
121	7672
121	7673
121	7674
121	7671
121	7670
121	7669
121	7668
121	7667
121	7666
121	7665
121	7664
121	7663
121	7662
122	7699
122	7698
122	7697
122	7696
122	7695
122	7694
122	7693
122	7692
122	7691
122	7690
123	7702
123	7701
123	7700
128	7758
128	7759
128	7755
128	7756
128	7757
128	7752
128	7753
128	7754
128	7751
128	7750
128	7745
128	7746
128	7747
128	7748
128	7749
128	7744
128	7738
128	7739
128	7740
128	7741
128	7742
128	7743
128	7734
128	7735
128	7736
128	7737
128	7733
128	7732
128	7731
128	7730
128	7729
128	7719
128	7721
128	7722
128	7723
128	7724
128	7725
128	7726
128	7727
128	7728
128	7720
128	7718
128	7714
128	7715
128	7716
128	7717
128	7713
128	7712
128	7711
128	7710
128	7707
128	7708
128	7709
128	7703
128	7704
128	7705
128	7706
129	7790
129	7789
129	7788
129	7787
129	7786
129	7785
129	7784
129	7783
129	7782
129	7781
129	7780
129	7779
129	7778
129	7777
129	7776
129	7775
129	7774
129	7773
129	7772
129	7771
129	7770
129	7769
129	7768
129	7767
129	7766
129	7765
129	7764
129	7763
129	7762
129	7761
129	7760
130	7793
130	7792
131	7794
136	7858
136	7857
136	7856
136	7855
136	7854
136	7853
136	7852
136	7851
136	7850
136	7849
136	7848
139	7888
139	7887
139	7886
139	7885
139	7884
139	7883
139	7882
139	7881
139	7880
139	7879
139	7878
139	7877
139	7876
139	7874
139	7875
139	7873
139	7871
139	7872
139	7870
139	7868
139	7869
139	7864
139	7865
139	7866
139	7867
139	7863
139	7862
139	7861
139	7860
139	7859
140	7902
140	7901
140	7900
140	7899
140	7898
140	7897
140	7896
140	7895
140	7894
140	7893
140	7892
140	7891
140	7890
140	7889
142	7917
142	7916
142	7907
142	7908
142	7909
142	7910
142	7911
142	7912
142	7913
142	7914
142	7915
144	7945
144	7944
144	7943
144	7942
144	7941
144	7940
144	7939
144	7938
144	7937
144	7936
144	7935
144	7934
144	7933
144	7932
144	7931
144	7930
144	7929
144	7928
144	7927
144	7926
144	7925
144	7924
144	7923
144	7922
144	7921
144	7920
144	7919
144	7918
146	8050
146	8040
146	8042
146	8043
146	8044
146	8045
146	8046
146	8047
146	8048
146	8049
146	8041
146	8038
146	8039
146	8028
146	8030
146	8031
146	8032
146	8033
146	8034
146	8035
146	8036
146	8037
146	8029
146	8020
146	8021
146	8022
146	8023
146	8024
146	8025
146	8026
146	8027
146	8018
146	8019
146	8016
146	8017
146	8014
146	8015
146	8006
146	8007
146	8008
146	8009
146	8010
146	8011
146	8012
146	8013
146	8004
146	8005
146	8002
146	8003
146	8000
146	8001
146	7998
146	7999
146	7988
146	7990
146	7991
146	7992
146	7993
146	7994
146	7995
146	7996
146	7997
146	7989
146	7986
146	7987
146	7984
146	7985
146	7982
146	7983
146	7979
146	7980
146	7981
146	7973
146	7974
146	7975
146	7976
146	7977
146	7978
146	7970
146	7971
146	7972
146	7968
146	7969
146	7966
146	7967
146	7964
146	7965
146	7962
146	7963
146	7960
146	7961
146	7958
146	7959
146	7956
146	7957
146	7954
146	7955
146	7952
146	7953
146	7950
146	7951
146	7948
146	7949
146	7946
146	7947
147	8059
147	8055
147	8056
147	8057
147	8058
147	8054
147	8053
147	8052
147	8051
150	8107
150	8099
150	8100
150	8101
150	8102
150	8103
150	8104
150	8105
150	8106
150	8098
150	8097
150	8088
150	8089
150	8090
150	8091
150	8092
150	8093
150	8094
150	8095
150	8096
150	8087
150	8086
150	8085
150	8084
150	8076
150	8077
150	8078
150	8079
150	8080
150	8081
150	8082
150	8083
150	8067
150	8068
150	8069
150	8070
150	8071
150	8072
150	8073
150	8074
150	8075
150	8066
151	8125
151	8124
151	8123
151	8122
151	8121
151	8120
151	8119
151	8118
151	8117
151	8116
151	8115
151	8114
151	8113
151	8112
151	8111
151	8110
151	8109
151	8108
153	8134
153	8131
153	8132
153	8133
153	8130
153	8126
153	8127
153	8128
153	8129
154	8155
154	8154
154	8153
154	8152
154	8151
154	8150
154	8149
154	8148
154	8147
154	8146
154	8144
154	8145
154	8143
154	8140
154	8141
154	8142
154	8139
154	8138
154	8137
154	8136
154	8135
155	8156
155	8157
155	8158
155	8159
155	8160
162	8174
162	8173
162	8172
162	8171
162	8170
162	8169
162	8168
162	8167
162	8166
162	8165
162	8164
162	8163
162	8162
162	8161
163	8185
163	8184
163	8181
163	8182
163	8183
163	8180
163	8179
163	8178
163	8177
163	8176
163	8175
166	8212
166	8210
166	8211
166	8209
166	8208
166	8204
166	8205
166	8206
166	8207
166	8203
166	8202
166	8201
166	8191
166	8193
166	8194
166	8195
166	8196
166	8197
166	8198
166	8199
166	8200
166	8192
166	8190
166	8189
166	8188
166	8187
166	8186
168	8238
168	8237
168	8235
168	8236
168	8231
168	8232
168	8233
168	8234
168	8224
168	8225
168	8226
168	8227
168	8228
168	8229
168	8230
168	8223
168	8222
168	8221
168	8220
168	8219
168	8218
168	8216
168	8217
168	8215
168	8214
168	8213
169	8245
169	8246
169	8247
169	8244
169	8243
169	8242
169	8241
169	8240
169	8239
171	8248
171	8249
173	8260
173	8259
173	8258
173	8257
173	8256
173	8255
173	8254
173	8253
173	8252
173	8251
173	8250
174	8266
174	8267
174	8268
174	8265
174	8264
174	8263
174	8262
174	8261
175	8278
175	8277
175	8276
175	8275
175	8274
175	8273
175	8272
175	8271
175	8270
175	8269
176	8282
176	8283
176	8279
176	8280
176	8281
178	8293
178	8290
178	8291
178	8292
178	8289
178	8287
178	8288
178	8286
178	8285
178	8284
179	8312
179	8311
179	8310
179	8309
179	8308
179	8307
179	8306
179	8305
179	8304
179	8303
179	8302
179	8301
179	8300
179	8297
179	8298
179	8299
179	8296
179	8295
179	8294
180	8349
180	8344
180	8345
180	8346
180	8347
180	8348
180	8343
180	8341
180	8342
180	8339
180	8340
180	8338
180	8337
180	8334
180	8335
180	8336
181	8371
181	8367
181	8368
181	8369
181	8370
181	8366
181	8365
181	8364
181	8363
181	8361
181	8362
181	8360
181	8359
181	8358
181	8357
181	8356
181	8355
181	8354
181	8353
181	8352
181	8351
181	8350
184	8416
184	8415
184	8414
184	8412
184	8413
184	8411
184	8410
184	8409
184	8403
184	8404
184	8405
184	8406
184	8407
184	8408
184	8402
184	8401
184	8400
184	8399
184	8398
184	8397
184	8396
184	8395
184	8394
184	8393
184	8392
184	8391
184	8390
184	8389
184	8388
184	8387
184	8386
184	8385
184	8384
184	8383
184	8382
184	8381
184	8380
184	8379
184	8378
184	8377
184	8376
187	8433
187	8432
187	8431
187	8430
187	8429
187	8428
187	8427
187	8426
187	8425
187	8424
187	8423
187	8422
187	8421
188	8462
188	8461
188	8460
188	8459
188	8458
188	8454
188	8455
188	8456
188	8457
188	8453
188	8449
188	8450
188	8451
188	8452
188	8448
188	8447
188	8446
188	8445
188	8444
188	8443
188	8442
188	8441
188	8440
188	8439
188	8438
188	8437
188	8436
188	8435
188	8434
192	8468
192	8467
192	8466
192	8465
192	8464
192	8463
193	8483
193	8482
193	8481
193	8480
193	8479
193	8478
193	8477
193	8476
193	8475
193	8474
193	8473
193	8472
193	8471
193	8470
193	8469
194	8485
194	8484
195	8519
195	8515
195	8516
195	8517
195	8518
195	8514
195	8513
195	8512
195	8507
195	8508
195	8509
195	8510
195	8511
195	8506
195	8505
195	8504
195	8503
195	8502
195	8501
195	8500
195	8499
195	8498
195	8497
195	8495
195	8496
195	8494
195	8493
195	8492
195	8491
195	8490
195	8489
195	8488
195	8487
195	8486
196	8527
196	8526
196	8520
196	8521
196	8522
196	8523
196	8524
196	8525
197	8553
197	8552
197	8551
197	8550
197	8549
197	8548
197	8544
197	8545
197	8546
197	8547
197	8543
197	8542
197	8541
197	8540
197	8539
197	8538
197	8536
197	8537
197	8535
197	8534
197	8532
197	8533
197	8531
197	8529
197	8530
197	8528
203	8579
203	8578
203	8577
203	8576
203	8575
203	8574
203	8573
203	8572
203	8571
203	8570
203	8569
203	8568
203	8567
203	8566
203	8565
204	8583
204	8582
204	8581
204	8580
206	8607
206	8606
206	8605
206	8604
206	8603
206	8602
206	8601
206	8600
206	8599
206	8598
206	8597
206	8596
206	8595
206	8594
206	8593
206	8592
206	8591
206	8590
206	8589
206	8588
206	8587
206	8586
206	8585
206	8584
208	8614
208	8613
208	8612
208	8611
208	8610
208	8609
208	8608
209	8627
209	8626
209	8625
209	8624
209	8623
209	8622
209	8621
209	8620
209	8619
209	8618
209	8617
209	8616
209	8615
210	8632
210	8629
210	8630
210	8631
210	8628
474	8639
474	8638
474	8637
474	8636
474	8635
474	8634
474	8633
475	8650
475	8651
475	8652
475	8653
475	8647
475	8648
475	8649
475	8644
475	8645
475	8646
475	8640
475	8641
475	8642
475	8643
476	8658
476	8657
476	8656
476	8655
476	8654
477	8680
477	8677
477	8678
477	8679
477	8667
477	8669
477	8670
477	8671
477	8672
477	8673
477	8674
477	8675
477	8676
477	8668
477	8659
477	8660
477	8661
477	8662
477	8663
477	8664
477	8665
477	8666
479	8711
479	8710
479	8709
479	8708
479	8707
479	8706
479	8705
479	8704
479	8703
479	8702
479	8701
479	8700
479	8699
479	8698
479	8697
479	8696
479	8695
479	8694
479	8693
479	8692
479	8691
479	8690
479	8689
479	8688
479	8687
479	8686
479	8685
479	8684
479	8683
479	8682
479	8681
482	8717
482	8716
482	8715
482	8714
482	8713
482	8712
483	8753
483	8752
483	8751
483	8750
483	8749
483	8748
483	8746
483	8747
483	8745
483	8741
483	8742
483	8743
483	8744
483	8739
483	8740
483	8738
483	8737
483	8735
483	8736
483	8734
483	8733
483	8731
483	8732
483	8730
483	8729
483	8728
483	8726
483	8727
483	8724
483	8725
483	8723
483	8722
483	8718
483	8719
483	8720
483	8721
484	8757
484	8756
484	8755
484	8754
486	8760
486	8759
486	8758
487	8794
487	8793
487	8792
487	8791
487	8790
487	8789
487	8788
487	8787
487	8786
487	8785
487	8784
487	8783
487	8782
487	8781
487	8780
487	8779
487	8778
487	8777
487	8776
487	8775
494	8835
494	8825
494	8827
494	8828
494	8829
494	8830
494	8831
494	8832
494	8833
494	8834
494	8826
494	8824
494	8823
494	8815
494	8816
494	8817
494	8818
494	8819
494	8820
494	8821
494	8822
494	8814
494	8810
494	8811
494	8812
494	8813
494	8808
494	8809
494	8806
494	8807
494	8801
494	8802
494	8803
494	8804
494	8805
498	8854
498	8853
498	8852
498	8851
498	8850
498	8849
498	8848
498	8847
498	8846
498	8845
498	8844
498	8843
498	8842
498	8841
498	8840
498	8839
498	8838
498	8837
498	8836
502	8885
502	8884
502	8883
502	8882
502	8881
502	8873
502	8874
502	8875
502	8876
502	8877
502	8878
502	8879
502	8880
502	8872
502	8871
502	8870
502	8869
502	8868
502	8867
502	8866
502	8865
502	8864
502	8863
502	8862
502	8861
502	8860
502	8859
502	8857
502	8858
502	8856
502	8855
504	8903
504	8902
504	8901
504	8900
504	8899
504	8898
504	8897
504	8896
504	8895
504	8894
504	8893
504	8892
504	8891
504	8890
504	8889
504	8888
504	8887
504	8886
506	8942
506	8939
506	8940
506	8941
506	8938
506	8937
506	8934
506	8935
506	8936
506	8932
506	8933
506	8927
506	8928
506	8929
506	8930
506	8931
506	8926
506	8925
506	8924
506	8923
506	8922
506	8921
506	8918
506	8919
506	8920
506	8910
506	8911
506	8912
506	8913
506	8914
506	8915
506	8916
506	8917
506	8909
506	8906
506	8907
506	8908
506	8905
506	8904
507	8956
507	8955
507	8954
507	8953
507	8952
507	8951
507	8950
507	8949
507	8948
507	8947
507	8946
507	8945
507	8944
507	8943
509	8985
509	8986
509	8987
509	8988
509	8984
509	8983
509	8979
509	8980
509	8981
509	8982
509	8977
509	8978
509	8976
509	8975
509	8974
509	8973
509	8969
509	8970
509	8971
509	8972
509	8968
509	8966
509	8967
509	8965
509	8963
509	8964
509	8962
509	8961
509	8960
509	8957
509	8958
509	8959
510	9012
510	9011
510	9010
510	9009
510	9002
510	9003
510	9004
510	9005
510	9006
510	9007
510	9008
510	8994
510	8995
510	8996
510	8997
510	8998
510	8999
510	9000
510	9001
510	8990
510	8991
510	8992
510	8993
510	8989
514	9017
514	9016
514	9015
514	9014
514	9013
515	9020
515	9019
515	9018
516	9048
516	9047
516	9046
516	9045
516	9043
516	9044
516	9042
516	9037
516	9038
516	9039
516	9040
516	9041
516	9036
516	9035
516	9034
516	9033
516	9032
516	9031
516	9030
516	9029
516	9028
516	9027
516	9026
516	9025
516	9021
516	9022
516	9023
516	9024
517	9050
517	9049
519	9055
519	9052
519	9053
519	9054
519	9051
520	9061
520	9062
520	9063
520	9060
520	9059
520	9056
520	9057
520	9058
527	9073
527	9072
527	9071
527	9068
527	9069
527	9070
527	9067
527	9066
527	9065
527	9064
532	9448
532	9449
532	9450
532	9447
532	9446
532	9445
532	9444
534	9472
534	9471
534	9470
534	9469
534	9468
534	9467
534	9466
534	9465
534	9464
534	9463
534	9462
534	9461
534	9460
534	9459
534	9458
534	9457
534	9456
534	9455
536	9480
536	9475
536	9476
536	9477
536	9478
536	9479
536	9474
536	9473
537	9512
537	9511
537	9510
537	9509
537	9508
537	9507
537	9506
537	9505
537	9504
537	9503
537	9502
537	9501
537	9499
537	9500
537	9494
537	9495
537	9496
537	9497
537	9498
537	9493
537	9492
537	9482
537	9484
537	9485
537	9486
537	9487
537	9488
537	9489
537	9490
537	9491
537	9483
537	9481
538	9546
538	9545
538	9544
538	9543
538	9539
538	9540
538	9541
538	9542
538	9538
538	9537
538	9536
538	9534
538	9535
538	9533
538	9532
678	9102
678	9098
678	9099
678	9100
678	9101
678	9093
678	9094
678	9095
678	9096
678	9097
678	9092
678	9091
678	9090
678	9088
678	9089
677	9087
677	9086
677	9085
677	9084
677	9083
677	9082
677	9081
677	9080
677	9079
677	9078
677	9077
677	9076
680	9131
680	9130
680	9129
680	9128
680	9127
680	9126
680	9125
680	9124
680	9123
680	9122
680	9121
680	9120
680	9119
680	9118
680	9117
680	9116
680	9115
680	9114
680	9113
680	9112
680	9111
680	9110
680	9109
680	9108
680	9107
680	9106
680	9105
680	9104
680	9103
689	9373
689	9372
689	9371
689	9370
689	9369
689	9368
689	9367
689	9366
689	9365
689	9364
689	9363
689	9362
689	9361
689	9360
689	9359
689	9358
689	9357
689	9356
689	9355
681	9144
681	9143
681	9142
681	9137
681	9138
681	9139
681	9140
681	9141
681	9136
682	9150
682	9151
682	9152
682	9147
682	9148
682	9149
682	9145
682	9146
683	9176
683	9175
683	9174
683	9172
683	9173
683	9171
683	9169
683	9170
683	9168
683	9167
683	9166
683	9165
683	9163
683	9164
683	9162
683	9161
683	9160
683	9159
683	9158
683	9157
683	9156
683	9155
683	9154
683	9153
684	9216
684	9215
684	9214
684	9213
684	9212
684	9205
684	9206
684	9207
684	9208
684	9209
684	9210
684	9211
684	9204
684	9203
684	9197
684	9198
684	9199
684	9200
684	9201
684	9202
684	9196
684	9195
684	9194
684	9193
684	9192
684	9191
684	9190
684	9189
684	9187
684	9188
684	9177
684	9179
684	9180
684	9181
684	9182
684	9183
684	9184
684	9185
684	9186
684	9178
685	9253
685	9252
685	9251
685	9250
685	9249
685	9248
685	9247
685	9246
685	9245
685	9243
685	9244
685	9242
685	9241
685	9240
685	9239
685	9237
685	9238
685	9235
685	9236
685	9234
685	9233
685	9232
685	9230
685	9231
685	9229
685	9228
685	9227
685	9226
685	9225
685	9224
685	9223
685	9222
685	9221
685	9220
685	9219
685	9218
685	9217
686	9325
686	9326
686	9327
686	9328
686	9324
686	9316
686	9317
686	9318
686	9319
686	9320
686	9321
686	9322
686	9323
686	9311
686	9312
686	9313
686	9314
686	9315
686	9310
686	9307
686	9308
686	9309
686	9303
686	9304
686	9305
686	9306
686	9298
686	9299
686	9300
686	9301
686	9302
686	9293
686	9294
686	9295
686	9296
686	9297
686	9291
686	9292
686	9287
686	9288
686	9289
686	9290
686	9285
686	9286
686	9284
686	9280
686	9281
686	9282
686	9283
687	9342
687	9343
687	9344
687	9345
687	9346
687	9341
687	9340
687	9339
687	9338
687	9337
687	9336
687	9335
687	9334
687	9333
687	9332
687	9331
687	9330
687	9329
688	9354
688	9353
688	9352
688	9351
688	9350
688	9349
688	9348
688	9347
695	9531
695	9530
695	9529
695	9528
695	9527
676	2284
676	2281
676	2282
676	2283
676	2280
676	2279
676	2278
693	9438
693	9439
693	9440
693	9441
693	9434
693	9435
693	9436
693	9437
693	9433
693	9432
693	9425
693	9426
693	9427
693	9428
693	9429
693	9430
693	9431
693	9424
693	9416
693	9417
693	9418
693	9419
693	9420
693	9421
693	9422
693	9423
693	9412
693	9413
693	9414
693	9415
693	9406
693	9407
693	9408
693	9409
693	9410
693	9411
693	9405
693	9400
693	9401
693	9402
693	9403
693	9404
693	9399
693	9393
693	9394
693	9395
693	9396
693	9397
693	9398
693	9388
693	9389
693	9390
693	9391
693	9392
